0.0,0.0026465569909486517,0.012970796233074006,0.0552426602120903,0.1214232667136506,0.137143781207564,0.1789790603516778,0.18242500622533905,0.0024361128494994042,0.005543389940651348,0.061692231757086324,0.07792157342174327,0.12798900961787119,0.15679471650191437,0.16275476095639402,0.10545747837196678,0.004189389623677065,0.031742177800191985,0.05565141530906692,0.12609757858533618,0.11920461082565803,0.18646803192070988,0.14951702194779387,0.08842121757662837,0.009506260325385173,0.04367962398984419,0.08360053504559006,0.1210449647119957,0.1799854370563093,0.15373490601426767,0.09843542344254308,0.046232818996207584,0.0368700878030829,0.05573195233484024,0.10682764967016624,0.12605136923375834,0.16874249977120698,0.12889649996593344,0.06663957286680285,0.043480776973405015,0.04582378389350429,0.09325506922658336,0.10979262171581587,0.16568721673660797,0.1377278068673829,0.1038233484212534,0.03472152357867424,0.058284851168764584,0.06063922761238273,0.10132034764244179,0.12942338894753538,0.1564650131612411,0.11737966938046393,0.055076786864022766,0.037166722809982136,0.03075885537050477,0.0807751865098368,0.1097919128790528,0.14825521850786083,0.11505360037043434,0.10188109854876604,0.030245849178879975,0.03611383498044218,0.01888186611632499
0.0026465569909486517,0.0,0.011695096671757825,0.05370537220000493,0.11892535789332627,0.13458824083405718,0.1765263352212956,0.1798435928566929,0.0009908460989707698,0.004260712487099924,0.059346586009601555,0.07580181518644453,0.12578351207932936,0.15441265017303704,0.16058013683738434,0.10313574688684544,0.0022903383626308,0.031414543106466714,0.05424621799979235,0.12358052377487926,0.11725844811378831,0.18392668910888907,0.14697985216910214,0.085890873280825,0.00812388029317773,0.04119540861292251,0.08197436601973304,0.11860964245782216,0.17748850120803453,0.15130152168853997,0.09598696260715575,0.04375679902398434,0.034535173818856416,0.05332320243578583,0.10444019179346219,0.12425392229445129,0.1663743924539306,0.1263792551481461,0.06523443457363104,0.04219363960835787,0.043490826390645665,0.09075717227907824,0.10729964713170828,0.1632302624925143,0.13548035198117964,0.10123273113236726,0.03262078593903687,0.05614538819079923,0.05849697813642446,0.0988766815043317,0.12701787833513883,0.15393912703439572,0.11481125431120062,0.05381231524674612,0.0347259796797193,0.029586216490877004,0.07836867652712348,0.10754523180963477,0.1458576797768646,0.1127716260228255,0.09934906642975935,0.02781706577380309,0.03377219767293189,0.016656162090285545
0.012970796233074006,0.011695096671757825,0.0,0.05033823192168349,0.11340845471447493,0.12927941175034005,0.17129958075025242,0.17596587130092356,0.0117347677933593,0.009325837748111554,0.05660300610400331,0.06792185334809812,0.11995038257072849,0.1474347454067157,0.1542438447869279,0.09737067285140517,0.010748574276379028,0.02585528169739714,0.047273735386342886,0.11875366337547394,0.11035606637474664,0.17924579501673096,0.14249406690640273,0.08283532681327353,0.00463032145076062,0.037913412486073196,0.07510002814897948,0.11332662252868528,0.1719184247427949,0.1452787619033231,0.09175547357349476,0.03930148538897479,0.029892480750030894,0.046450985629701076,0.0994981965880725,0.1169278195212532,0.16097369579561654,0.12153613815646161,0.061390713801293594,0.03809192488252438,0.03805820288288825,0.08483209073339483,0.10085630405419298,0.15768378091599766,0.13003186896759247,0.09758361651748135,0.027587273203097434,0.05545746473424748,0.051319023374508804,0.09306259428367868,0.1204811310296077,0.14910418387590768,0.10988050455315683,0.0500164240057084,0.03403337628073628,0.026077224714048657,0.07222370592261426,0.10119154425003427,0.14012141261199074,0.10729904600596009,0.09684303202256658,0.023243754054797703,0.033277043202417464,0.01852995416234833
0.0552426602120903,0.05370537220000493,0.05033823192168349,0.0,0.09325098711387438,0.10729812687183764,0.1376619747857727,0.15507852174059572,0.05370908228994973,0.05037558566655094,0.0692066111959045,0.04770223344997235,0.080363454436268,0.12273502398996092,0.11412388495350125,0.06582367268714784,0.051717719403119596,0.039112123396188976,0.020617134758138592,0.09942481182059984,0.06985776501877725,0.15084356780095606,0.11455449910806093,0.07622460671818768,0.05125780460145433,0.04003436260778562,0.039659822931117014,0.08470112629174073,0.149674379116817,0.11278660761141461,0.06348994622399427,0.03981710002616761,0.04818648118214002,0.041557715909533555,0.06848455494132828,0.07743392570728931,0.1239325114713318,0.09525121424493782,0.025054473448200672,0.019208693282927406,0.02869174177262095,0.06786440816420643,0.07850742899295728,0.12682166443272258,0.09132177347300541,0.07742089428461163,0.026827067961737495,0.0746491600367755,0.033822447069753674,0.06655786129155437,0.0918178653541376,0.11999745935772539,0.0860306856261596,0.022679444004217994,0.0476880989976034,0.03352994307169241,0.04944107307159816,0.06584027651372006,0.10662137376112304,0.0694700295768229,0.08353834438577251,0.035648972700371796,0.05136639929157145,0.05235789128880468
0.1214232667136506,0.11892535789332627,0.11340845471447493,0.09325098711387438,0.0,0.03300457814222738,0.06717654338713994,0.07469221650295392,0.11918258511067047,0.11714344392411408,0.07170307304263725,0.05740142924812923,0.05394042937754625,0.04227607547144588,0.07666457642184724,0.05851835277118128,0.11760492334537477,0.11352362900993965,0.09357596251929448,0.01790425607760204,0.07109533494004232,0.07323738672368174,0.047962881015802,0.05572615413065969,0.11465747561425689,0.07864750933333808,0.07649431162697819,0.03101786154289881,0.05939806285594437,0.052334565560763546,0.046209440243777114,0.07679087246797206,0.08649714993932281,0.06779615496043823,0.03354006646279485,0.07775270882527388,0.0685695883084904,0.033377863707880505,0.10149822696618337,0.10339796797104504,0.07967815071852034,0.029578884580708592,0.02540612049159027,0.05113453029627825,0.062121620586879804,0.04358248892667889,0.09157086239677281,0.08635419696226292,0.06871727561436897,0.029774425098090012,0.02721093665884483,0.04866266361424191,0.02386707474192229,0.10491503117579093,0.08913577582366596,0.10962143622586952,0.04558794506533242,0.04604876941609748,0.044119887140756,0.05348394889092287,0.053505684587780496,0.09269007910124819,0.09104982668787812,0.10669202741427561
0.137143781207564,0.13458824083405718,0.12927941175034005,0.10729812687183764,0.03300457814222738,0.0,0.056841006246279704,0.05296671210261482,0.13483282051432827,0.13280607619346757,0.08971994112186053,0.07809537529916283,0.05920955487664977,0.04796178173782147,0.07140472945677644,0.05485442992367943,0.13329573862375352,0.13177231041517803,0.10948324662320988,0.027251086893397232,0.07704796192447637,0.05269858135782019,0.024006284930870266,0.05749696048832923,0.13038106040577976,0.09509988474491105,0.09552108591055444,0.029012371219264584,0.056293219913878215,0.03790896711663803,0.04704673164054089,0.09160246718855121,0.10462922384750405,0.08462720198435994,0.04412113695463583,0.09002005721286349,0.055594621786889696,0.019106163390945712,0.10930583570387824,0.11734651530324532,0.09456358219036458,0.04959809185574045,0.03318801329608705,0.043311594001731755,0.05326674956345446,0.043345867469307416,0.10792543078005647,0.09814859349160888,0.08801415355887653,0.044030709372315936,0.039079072671485166,0.02777217609139713,0.024391988507561402,0.11459831193991904,0.10301256068923459,0.12442492884751975,0.06341673858610747,0.055488357798876634,0.039642851968122936,0.053103816674799964,0.048703660491718745,0.10839775426169307,0.10586165215893492,0.12153386179754273
0.1789790603516778,0.1765263352212956,0.17129958075025242,0.1376619747857727,0.06717654338713994,0.056841006246279704,0.0,0.060686137866071875,0.17673717928459504,0.17428131069984523,0.13559526219532642,0.11007043432162926,0.0626392313377217,0.04832787079316046,0.049825917436182414,0.08672271538184605,0.17492294888330168,0.1672494653558248,0.1406025055365806,0.06603324385229578,0.08724301218701318,0.03260098863399208,0.04379487020081318,0.1086022972509922,0.17259289332846484,0.1369151740790429,0.11709486999454477,0.06196421604809118,0.0464226995922273,0.035861689068709804,0.08545610163419019,0.13435904662702206,0.1470847546777282,0.1259266134117175,0.07346102320124383,0.09205228386549774,0.027534383557642497,0.058393675463753084,0.13942123034804524,0.1509011680492221,0.13410232931059438,0.09020021862615424,0.07462472365098288,0.018810648385986624,0.057905082694668215,0.08577373266765737,0.14615154971051023,0.1479321562171415,0.12315716302706871,0.07930606751592045,0.05484581974749902,0.03282921265536535,0.06645936226631673,0.14751911855847116,0.14749905926642395,0.16136158940225792,0.10010695197514147,0.07623568079026023,0.03514140578738483,0.072507143323987,0.0986074148902327,0.14910655959135422,0.15056148503344852,0.16553213008777828
0.18242500622533905,0.1798435928566929,0.17596587130092356,0.15507852174059572,0.07469221650295392,0.05296671210261482,0.060686137866071875,0.0,0.18011577373675425,0.17864879843784248,0.12945327789571232,0.12794810332004533,0.10106257287823965,0.07497561933800281,0.10060277411582541,0.10313039650799954,0.17872246968052583,0.18066995780271808,0.15974917475668685,0.06356049000962709,0.12383537608841515,0.03560037243675442,0.047910796373924744,0.09723352380974926,0.176590166276017,0.1404631271606348,0.14484780568301,0.07583339058393686,0.04978999349669185,0.06940416775845391,0.09424316315774454,0.13778210592615153,0.14963031545663424,0.13283613851988285,0.09075161667423795,0.13472346021410428,0.07415779620593167,0.06411911974416107,0.157321704152104,0.16572557412109712,0.14258317627822625,0.09751208961845849,0.0847643450984003,0.05737697294422488,0.09112352924608286,0.08338378234940502,0.15548612575266016,0.1365521757596719,0.13739103031414449,0.09388846057051096,0.08198567407611888,0.045277787664024315,0.07141645961350448,0.16305820618393513,0.1467819903470716,0.1721439018613573,0.11277249559313018,0.10430277816552531,0.0729675227755997,0.09862594037691921,0.08548530136091605,0.1548577333255173,0.1491562606393995,0.16594203172165095
0.0024361128494994042,0.0009908460989707698,0.0117347677933593,0.05370908228994973,0.11918258511067047,0.13483282051432827,0.17673717928459504,0.18011577373675425,0.0,0.004058960752566742,0.05968393173067633,0.07595925450871878,0.12594430353656336,0.154632798029902,0.16072102485510467,0.10331573031070153,0.0022981002812452462,0.0313216305107887,0.05425144866172679,0.12381240480437704,0.11736973696267644,0.18416575423139087,0.1472341908966926,0.08619960870124035,0.008005605895001924,0.041437837397027444,0.08200823830088273,0.11879926002990317,0.177737797682282,0.15151013010945016,0.09620375591079214,0.043957885598429516,0.034763995407155406,0.05351401305807802,0.10461930395165436,0.12434732864805158,0.16654738472505135,0.12661941499821727,0.06523634219781947,0.04221354756489191,0.04366873418110506,0.09100384788290707,0.10752589205894035,0.16344033107082273,0.13562680421001194,0.1015166163323948,0.03274442280816825,0.05642827138694124,0.05864900577176751,0.09908639759793243,0.12722394449142815,0.1541706272358514,0.11507144528462866,0.05380366139988291,0.034972510771374914,0.02967997474531288,0.07859376314815045,0.10772065627965545,0.1460533282705217,0.1129296891069118,0.09963370328349791,0.028037317905612074,0.034034130116650435,0.016871647316594223
0.005543389940651348,0.004260712487099924,0.009325837748111554,0.05037558566655094,0.11714344392411408,0.13280607619346757,0.17428131069984523,0.17864879843784248,0.004058960752566742,0.0,0.05942753546386969,0.07291734004081299,0.12285719109665459,0.15212399772909513,0.15753516848490737,0.1005064163786924,0.002804036955406113,0.027988836074276456,0.05043559394973453,0.12201829458634801,0.11384995434253561,0.18210628543880764,0.1451727101459048,0.0851114543302685,0.005974240742783341,0.039649309004979226,0.07844655937329137,0.11634118243947215,0.1758069627182542,0.1488170791236753,0.09386282507167801,0.041846689473427165,0.033420359259455544,0.05103840055111831,0.10206148757698282,0.12079457237996395,0.1637905131807914,0.12447348129468665,0.061983061712574464,0.03878312889322162,0.04078386892384784,0.08883693208300945,0.1050975772310245,0.16101137142690686,0.13266544042151113,0.09986271474232128,0.029574169013651674,0.05692009421173535,0.055578249178475106,0.09654283452769316,0.12458922370675851,0.1519868429629121,0.11298606916605207,0.05047294591556099,0.03414919716645034,0.026616045102777926,0.07593789071229924,0.10463347078525939,0.14336355822146035,0.10999962060034041,0.09840204306933222,0.025584134906715024,0.033586199170250235,0.017149784480403617
0.061692231757086324,0.059346586009601555,0.05660300610400331,0.0692066111959045,0.07170307304263725,0.08971994112186053,0.13559526219532642,0.12945327789571232,0.05968393173067633,0.05942753546386969,0.0,0.055580783719374256,0.10086256355197981,0.11054851154032133,0.13412309429077454,0.08218343263789944,0.05879734683314846,0.06921620201193297,0.0701516430630603,0.07424368208823788,0.10363191838607821,0.13851111896680401,0.10514413069783045,0.04431715353606618,0.05670745539442022,0.030850344672035606,0.07836557594851595,0.0812183165399974,0.12633601278728496,0.1153157473107408,0.06666317530412472,0.03291375836741719,0.029256246487627223,0.03482328449437001,0.07118423761396588,0.11117631348403346,0.13229641791848773,0.0855993861950178,0.08324871321108687,0.06935555605613834,0.0436267984359918,0.04915823305789731,0.06828280989308783,0.12063945902278285,0.10986661508706658,0.06243936820709754,0.048742383773995694,0.02445746043647514,0.047881030492569525,0.06387448610822573,0.08861749887461891,0.11140565619383824,0.07273310012225837,0.07821791803721692,0.033534215040290784,0.06557986723873345,0.04971334888757596,0.08281599562763996,0.10920585137139596,0.08934485425987986,0.05996231584538482,0.04266874033121529,0.03185122273544489,0.046152322121173324
0.07792157342174327,0.07580181518644453,0.06792185334809812,0.04770223344997235,0.05740142924812923,0.07809537529916283,0.11007043432162926,0.12794810332004533,0.07595925450871878,0.07291734004081299,0.055580783719374256,0.0,0.05957391636862533,0.08346521540459358,0.09266212977224167,0.05321159872612907,0.07406991681799278,0.06123774155706712,0.040076797735641566,0.06757525997349757,0.05532600814445923,0.12363333935110361,0.09076557966011552,0.062045199375122886,0.07022426140410355,0.04435123218474462,0.029382489855527997,0.05885918386431447,0.11295562626565708,0.08585320965465769,0.05042745341278322,0.04159602898835983,0.04872559761883919,0.028240275580580662,0.045070031512569386,0.05831221913410163,0.1014021600194369,0.07053601644930563,0.05905586590301613,0.05394698339708642,0.037252702917488105,0.03332002382106712,0.04556637686790194,0.09620620020394247,0.07507095808458336,0.06032065595298569,0.045745182352793595,0.07130606231830765,0.018723454281928047,0.037291813562562226,0.05663637227204257,0.09391699391164625,0.05916118291735814,0.05899059236199068,0.05813275022505053,0.06123679345260589,0.021058281812303566,0.04124709870083958,0.0787559960799969,0.0543951246902471,0.07120647059099607,0.05002482901928832,0.06005048272195939,0.06904582639190394
0.12798900961787119,0.12578351207932936,0.11995038257072849,0.080363454436268,0.05394042937754625,0.05920955487664977,0.0626392313377217,0.10106257287823965,0.12594430353656336,0.12285719109665459,0.10086256355197981,0.05957391636862533,0.0,0.05941847967791722,0.03685258229095962,0.04210403575713623,0.12395856840714996,0.11125136015966665,0.08193525304666324,0.061463431652886945,0.0284484430165491,0.08375559211049612,0.0577341327463858,0.08190582442210845,0.12159790943537414,0.09061893989946584,0.05829359235086789,0.03847418876629055,0.08741442678889616,0.04096079970636547,0.04754723864950764,0.08768926923083777,0.10123387381684604,0.07881166429750366,0.03466306995606926,0.03719542076940746,0.047820054898494994,0.04877160849505119,0.08156716796138165,0.0938434864426215,0.08303898091610372,0.05580565241422761,0.045078315362236575,0.05537272986925127,0.02593342985618567,0.06137129688527858,0.0935500660398432,0.11349092331347739,0.07111222710940149,0.040154931520968606,0.03278969980800017,0.056919656934188365,0.04780915724382711,0.08985722205815314,0.10266423093615615,0.10629803944422574,0.05358219394715789,0.021477788525445518,0.033739922688374155,0.022718522651941686,0.07749753916386089,0.09897843780042338,0.10634678532918052,0.11784569616908067
0.15679471650191437,0.15441265017303704,0.1474347454067157,0.12273502398996092,0.04227607547144588,0.04796178173782147,0.04832787079316046,0.07497561933800281,0.154632798029902,0.15212399772909513,0.11054851154032133,0.08346521540459358,0.05941847967791722,0.0,0.061140795553817406,0.07977543206913824,0.1529026712649832,0.14355671596880462,0.1202185367852659,0.04796611088274864,0.07655548358456049,0.06030259541185564,0.05460320363977918,0.0929871358993718,0.14924665744135837,0.11529002732980746,0.0960466684712708,0.05111351366691677,0.03941437761829277,0.043689522277264525,0.07653843581119314,0.11291587140489685,0.12245011682898191,0.1016898798900454,0.06077726807903851,0.0782501958874137,0.05489790098803783,0.051980396029426036,0.12856117866304873,0.13377395035653686,0.11362470357901738,0.06593236271902538,0.05294305125087441,0.03301935962997843,0.06514380888980771,0.07903357512352165,0.12508914834708607,0.12498825496643678,0.09906438030161607,0.05984061696549757,0.033844941718368736,0.04804404062196676,0.05507001713136492,0.13373600589931367,0.12676075138351933,0.14222140125808005,0.07790686241142046,0.06176400734521679,0.036659023682328956,0.06930034423141766,0.089782860948731,0.12774415902469996,0.12852305738735895,0.14331889059527161
0.16275476095639402,0.16058013683738434,0.1542438447869279,0.11412388495350125,0.07666457642184724,0.07140472945677644,0.049825917436182414,0.10060277411582541,0.16072102485510467,0.15753516848490737,0.13412309429077454,0.09266212977224167,0.03685258229095962,0.061140795553817406,0.0,0.06804971817349459,0.15871463691176937,0.14508117505952098,0.11487580531642179,0.08084642112963748,0.05034905499839787,0.07472538575514276,0.06318020984360583,0.11007376062398602,0.15603254575420608,0.12551215252402287,0.0899845294511993,0.0597024826704266,0.08543433216371163,0.03763103556287027,0.07713448207036143,0.12203398873412602,0.13599055078322156,0.11289966495237455,0.06538247357514143,0.05517796763785137,0.03067799593043192,0.06481939736608144,0.11211224031576958,0.12742437954241428,0.11775991223622743,0.0869012077813817,0.0706406032224173,0.04991313607595381,0.0332919458798871,0.08881573224845533,0.12840337816085237,0.14578930180799446,0.10575094582693934,0.07123901786129119,0.0523140684726996,0.05797718761102045,0.07161451067018867,0.12153377616033116,0.13706775084262074,0.14058175500747877,0.08764279903633461,0.05469326030903217,0.037147565435417564,0.051104730809881656,0.10341452837310919,0.13385931601165546,0.14062502877819466,0.15252979892429083
0.10545747837196678,0.10313574688684544,0.09737067285140517,0.06582367268714784,0.05851835277118128,0.05485442992367943,0.08672271538184605,0.10313039650799954,0.10331573031070153,0.1005064163786924,0.08218343263789944,0.05321159872612907,0.04210403575713623,0.07977543206913824,0.06804971817349459,0.0,0.10156642476410492,0.09540883947870314,0.0679982792913664,0.06300287888106815,0.04337289275209368,0.09568933527625811,0.06007320893996608,0.05599868423813119,0.09892452305242047,0.07078261411141888,0.06129622978594589,0.04066932850419181,0.10404831174129443,0.0553202147403451,0.026669968371116334,0.06577841218704084,0.08177738782939577,0.059289739692606355,0.03709440700119495,0.06188316404418506,0.07087057741314755,0.04623902676210214,0.05949098206996632,0.07465059329170588,0.06178145353076518,0.04601234494550287,0.03632953454771572,0.07766816113576758,0.040476928374489865,0.04018901888553875,0.07428489931263348,0.08885865772852647,0.058408121139786995,0.03532380523999348,0.05044796136228809,0.06596394309999998,0.041213236737570894,0.06729727322797414,0.0791756758300228,0.08460957272414586,0.04197887668805428,0.031131908203158424,0.057287505866537754,0.022768473354383267,0.05214297576711414,0.07722966194105013,0.0839458115719819,0.0940359835658231
0.004189389623677065,0.0022903383626308,0.010748574276379028,0.051717719403119596,0.11760492334537477,0.13329573862375352,0.17492294888330168,0.17872246968052583,0.0022981002812452462,0.002804036955406113,0.05879734683314846,0.07406991681799278,0.12395856840714996,0.1529026712649832,0.15871463691176937,0.10156642476410492,0.0,0.029820643249563857,0.05230761079020121,0.1222741861900973,0.11537268241637219,0.18255137818943637,0.14557029718960718,0.08498212198848323,0.007225162735658883,0.03987262202366072,0.08001075915978592,0.11702975186618807,0.1761585460349519,0.14972380529246437,0.09450306911893025,0.042371211207727084,0.03342530640367691,0.051825142781447266,0.10279176101555904,0.12232031900618498,0.16469995052426029,0.12495165620621279,0.06348680609695892,0.040303004952548,0.04180807822834589,0.08938461156781045,0.10584689335313244,0.16165356570562392,0.1336886548086821,0.10004181917668162,0.030744143789108475,0.05605034975356482,0.056751777020136625,0.09731846793468257,0.12539242442891846,0.15247402519383932,0.11346507696589708,0.0520942236936963,0.03392773883516243,0.02810517417761189,0.07679207894852957,0.1057805675652977,0.1442295079806486,0.1109963080098166,0.09847433127464807,0.02617068905574442,0.03309240776910285,0.01651859975869815
0.031742177800191985,0.031414543106466714,0.02585528169739714,0.039112123396188976,0.11352362900993965,0.13177231041517803,0.1672494653558248,0.18066995780271808,0.0313216305107887,0.027988836074276456,0.06921620201193297,0.06123774155706712,0.11125136015966665,0.14355671596880462,0.14508117505952098,0.09540883947870314,0.029820643249563857,0.0,0.03205833441833622,0.12108263018248616,0.09859680073661736,0.1791961736354358,0.1432328406747746,0.09286263292250958,0.027798070115123304,0.04506921806850963,0.0593698257630938,0.11209265589358172,0.171601606905126,0.14170926545691104,0.09213855180924856,0.04697727248781947,0.0409112165535475,0.04928847373920863,0.0965291498049019,0.1019531582339334,0.155698833198063,0.12218485885473693,0.05335790029545332,0.028197673049106826,0.03957111691363033,0.08574853552612517,0.10086627475079706,0.15440868642570602,0.1242506966871364,0.10250572449375336,0.027253364386875974,0.07329195035377238,0.0455573617823515,0.0909316652449806,0.11615675167320581,0.1488458333260891,0.11129951254891361,0.04268656950888595,0.04803807211141526,0.02382394717471523,0.07008528286113304,0.09392457463451188,0.13522710608774074,0.10194924302103744,0.10545779948139437,0.03160822477456737,0.04823314256193656,0.03879244551325308
0.05565141530906692,0.05424621799979235,0.047273735386342886,0.020617134758138592,0.09357596251929448,0.10948324662320988,0.1406025055365806,0.15974917475668685,0.05425144866172679,0.05043559394973453,0.0701516430630603,0.040076797735641566,0.08193525304666324,0.1202185367852659,0.11487580531642179,0.0679982792913664,0.05230761079020121,0.03205833441833622,0.0,0.10199295515023922,0.06797274655204029,0.15470713962029262,0.11927190239926842,0.08102774988190202,0.04958771608557751,0.04364056714283499,0.032992867035386494,0.08801416304721832,0.1501872560033774,0.11401330424196238,0.06956807985106339,0.04198145765946714,0.047135591425642095,0.03862660763833785,0.0725299623286403,0.07257210072049829,0.12714332348437052,0.09929789660629555,0.0317263067308932,0.02017371580205598,0.02974143118898795,0.06714617633214413,0.07806537656174202,0.12887835515749946,0.09504217591558121,0.08290722489833977,0.0276221468095494,0.07790141996116288,0.028180083881032283,0.06785001310360615,0.09095641573676967,0.12399567830172588,0.0890433204953438,0.02677552289893774,0.052561660279197585,0.031616280440574324,0.04908565242097081,0.06580454248523135,0.10836619475140942,0.0731766839268113,0.09013221767369851,0.03644180401741777,0.05540326302155518,0.054467534363902205
0.12609757858533618,0.12358052377487926,0.11875366337547394,0.09942481182059984,0.01790425607760204,0.027251086893397232,0.06603324385229578,0.06356049000962709,0.12381240480437704,0.12201829458634801,0.07424368208823788,0.06757525997349757,0.061463431652886945,0.04796611088274864,0.08084642112963748,0.06300287888106815,0.1222741861900973,0.12108263018248616,0.10199295515023922,0.0,0.0800428818054048,0.0674765018736694,0.04173469028465503,0.05290754726725678,0.11963677247983032,0.08296174601657069,0.08667442234928027,0.02992002923352592,0.056251265663642504,0.054765319477363385,0.04802991155770562,0.08081616360859843,0.09126264434089035,0.07402778212241728,0.03749721898084264,0.08892485598780507,0.06891556946190754,0.028974867612818284,0.10724259820099638,0.11002855164762192,0.08547088828349281,0.038091019190930615,0.03205300991400596,0.04983960575636018,0.06369888158778786,0.04254521860071629,0.09751417839454915,0.08638970216262307,0.07719862956788649,0.037648178666934436,0.03639869903491415,0.04280032521123557,0.024887788575718283,0.11081016396391809,0.09201510599207516,0.11633053736242781,0.05370846564121965,0.055238749348655976,0.04797954841900088,0.05763807003799379,0.04957224588607036,0.09783247283415487,0.09374820234391164,0.1105627509674075
0.11920461082565803,0.11725844811378831,0.11035606637474664,0.06985776501877725,0.07109533494004232,0.07704796192447637,0.08724301218701318,0.12383537608841515,0.11736973696267644,0.11384995434253561,0.10363191838607821,0.05532600814445923,0.0284484430165491,0.07655548358456049,0.05034905499839787,0.04337289275209368,0.11537268241637219,0.09859680073661736,0.06797274655204029,0.0800428818054048,0.0,0.1066080934340549,0.0791627200356015,0.08884305757872178,0.11246092765072616,0.08738708928074199,0.046133043248659564,0.05521232133398284,0.10992383901725655,0.06070661275584395,0.05523583503017909,0.08424935547446262,0.09734033887043744,0.07489308227870199,0.048584689908524784,0.024266051237427207,0.06873652927939164,0.06608967700728664,0.06818523632719092,0.08219173635919773,0.07677849445571941,0.06398063674985509,0.05552607169042661,0.0793847927371315,0.041495320175745296,0.07464359541901015,0.08544142728662256,0.11398431837331523,0.06466955871627146,0.04927820520876666,0.051771907064732066,0.08010542099563679,0.06458719925179775,0.0766117314202597,0.09896223912130384,0.09570463884276843,0.05463868423450981,0.027091857153438353,0.0564974718294479,0.03288538968769363,0.08753428352522863,0.0924415070733045,0.10269271884409867,0.1111915095917995
0.18646803192070988,0.18392668910888907,0.17924579501673096,0.15084356780095606,0.07323738672368174,0.05269858135782019,0.03260098863399208,0.03560037243675442,0.18416575423139087,0.18210628543880764,0.13851111896680401,0.12363333935110361,0.08375559211049612,0.06030259541185564,0.07472538575514276,0.09568933527625811,0.18255137818943637,0.1791961736354358,0.15470713962029262,0.0674765018736694,0.1066080934340549,0.0,0.039832511981017525,0.1061760898274913,0.18019934148000719,0.1437562911945044,0.13522427530821832,0.06947890186677534,0.04369592787516364,0.048241103237222555,0.09093131700646971,0.14115936414718108,0.15418150824791002,0.13417383022027,0.08452123416119352,0.11607178125769796,0.04688375887225324,0.05956386425527419,0.1519604972138194,0.16322472094360757,0.14303604441927714,0.09753800767320453,0.0813947090448902,0.036089308349054085,0.07370783536531873,0.08802203117482585,0.15597121693859256,0.14728260288065084,0.13498596533752605,0.0888873062717967,0.07067577304104235,0.032781444965054446,0.07040856611192774,0.1593762619524733,0.15210619449431922,0.1720624813851035,0.1103640419667178,0.09201538878524602,0.052326021175288125,0.08698801877792708,0.09401884630093099,0.15738125191476965,0.15507580799779033,0.17106982766384116
0.14951702194779387,0.14697985216910214,0.14249406690640273,0.11455449910806093,0.047962881015802,0.024006284930870266,0.04379487020081318,0.047910796373924744,0.1472341908966926,0.1451727101459048,0.10514413069783045,0.09076557966011552,0.0577341327463858,0.05460320363977918,0.06318020984360583,0.06007320893996608,0.14557029718960718,0.1432328406747746,0.11927190239926842,0.04173469028465503,0.0791627200356015,0.039832511981017525,0.0,0.07058363064779562,0.1434204612667301,0.10766947963335254,0.10358681375933404,0.03606073910348002,0.05742216414011563,0.03179682964073107,0.053687759450731225,0.10476012018222178,0.11873133881485498,0.09867004685587505,0.05105172017809197,0.09229915553648926,0.042458704855381224,0.023737968899760497,0.11503733981415833,0.12614970034463613,0.10631309724774586,0.06488604162448225,0.04845988320481599,0.03610111517793529,0.04653999373563404,0.052168697663911995,0.11933827020041024,0.11312458689039662,0.10034352496472654,0.05524238547830363,0.046430290893482586,0.013480192345783626,0.03694792489605689,0.12214940449748404,0.11580754237818734,0.13489052236428725,0.07580372282472124,0.06072239836744368,0.03519012184677913,0.053647717150021444,0.05970070743149747,0.12051939478476155,0.11900446592836879,0.13455309781687505
0.08842121757662837,0.085890873280825,0.08283532681327353,0.07622460671818768,0.05572615413065969,0.05749696048832923,0.1086022972509922,0.09723352380974926,0.08619960870124035,0.0851114543302685,0.04431715353606618,0.062045199375122886,0.08190582442210845,0.0929871358993718,0.11007376062398602,0.05599868423813119,0.08498212198848323,0.09286263292250958,0.08102774988190202,0.05290754726725678,0.08884305757872178,0.1061760898274913,0.07058363064779562,0.0,0.08301690381406404,0.05100150952563912,0.08395188518808548,0.05416733536734438,0.10556401046002087,0.08590458126060645,0.03789234641150433,0.048162015181452494,0.059872140995316965,0.048291042860136316,0.051478828154728845,0.10358693497022939,0.1032371931251507,0.05363537850032678,0.0810255590155006,0.08111848606195586,0.05537376392841071,0.03950759172870265,0.04641396540938253,0.09523839427617023,0.08161336719685623,0.033448538538032965,0.06741640281410541,0.04526514870601656,0.0602127284540728,0.04679834627873058,0.0709967572433451,0.07952897204250074,0.045355700769507956,0.08126066397421133,0.053529164799356585,0.08328386570702337,0.04594173960252874,0.06626342988300579,0.08398691859361797,0.06563899599310855,0.022127872083415476,0.06387678987375235,0.05619906465608637,0.07176842687339004
0.009506260325385173,0.00812388029317773,0.00463032145076062,0.05125780460145433,0.11465747561425689,0.13038106040577976,0.17259289332846484,0.176590166276017,0.008005605895001924,0.005974240742783341,0.05670745539442022,0.07022426140410355,0.12159790943537414,0.14924665744135837,0.15603254575420608,0.09892452305242047,0.007225162735658883,0.027798070115123304,0.04958771608557751,0.11963677247983032,0.11246092765072616,0.18019934148000719,0.1434204612667301,0.08301690381406404,0.0,0.03806267753905104,0.07719259650367413,0.11439825305787647,0.17318857321401074,0.14683386553577157,0.09254440905291728,0.03978989913171753,0.030467230403898978,0.04808894669015465,0.10051079646500176,0.11933548046862288,0.16229784159105132,0.12250127206992029,0.06268554700012828,0.03960923102831622,0.03923529010055679,0.08621646463558542,0.10245153256104382,0.15900353795277047,0.13140016588702066,0.09836165019938041,0.028720718475918616,0.05449280667563208,0.05333807715270326,0.09443431103116703,0.12224892105597994,0.15014739011483672,0.11097244837520333,0.05127778815152873,0.03296090025742274,0.02764903048492744,0.07378016148468768,0.10293943520023605,0.14153109712246856,0.10875012113602402,0.09689025313441645,0.02408263145698141,0.03208293299050715,0.016165638720085265
0.04367962398984419,0.04119540861292251,0.037913412486073196,0.04003436260778562,0.07864750933333808,0.09509988474491105,0.1369151740790429,0.1404631271606348,0.041437837397027444,0.039649309004979226,0.030850344672035606,0.04435123218474462,0.09061893989946584,0.11529002732980746,0.12551215252402287,0.07078261411141888,0.03987262202366072,0.04506921806850963,0.04364056714283499,0.08296174601657069,0.08738708928074199,0.1437562911945044,0.10766947963335254,0.05100150952563912,0.03806267753905104,0.0,0.05806338512190695,0.07902473714262453,0.13708351814668426,0.11320091348389627,0.05861847206956587,0.009716391324492972,0.01599731514067467,0.019648458709184632,0.06515774799469351,0.09624775820226439,0.12825977263632862,0.086607107663332,0.05582298139399518,0.04151852066040773,0.016661596667315686,0.05153144488888678,0.06846537093432742,0.12308864923698305,0.10023573986467221,0.06451512545082465,0.020449304693816867,0.036411318063518425,0.02871139348208785,0.05948436187771956,0.08833187862943896,0.1141491932585075,0.07509433520866789,0.050101336696379374,0.014784048371462476,0.04080392117241377,0.04027553146202641,0.07201243252133573,0.10682537540709645,0.07796456714518771,0.06378862009910323,0.018078101886949804,0.017014493047725978,0.029397635840302937
0.08360053504559006,0.08197436601973304,0.07510002814897948,0.039659822931117014,0.07649431162697819,0.09552108591055444,0.11709486999454477,0.14484780568301,0.08200823830088273,0.07844655937329137,0.07836557594851595,0.029382489855527997,0.05829359235086789,0.0960466684712708,0.0899845294511993,0.06129622978594589,0.08001075915978592,0.0593698257630938,0.032992867035386494,0.08667442234928027,0.046133043248659564,0.13522427530821832,0.10358681375933404,0.08395188518808548,0.07719259650367413,0.05806338512190695,0.0,0.07124496113528006,0.12822396866295666,0.09385418122887136,0.06267005465727316,0.05677631950135657,0.06416426739689228,0.048137101079846575,0.055698159583873245,0.045067493113558815,0.10444940770631686,0.0845242273595659,0.05154402926461693,0.05050831201582145,0.0478202662821383,0.05725990697382466,0.06448971418692642,0.10553088739033141,0.07620580783672594,0.07863063152460613,0.05132435900389564,0.09138422425432456,0.032315353069926576,0.05293450189321498,0.06871145540301889,0.10579679484975728,0.07632387465350456,0.053698585963715684,0.071137751561834,0.06259935133637003,0.040689100506421765,0.04512274110367053,0.0853726709370087,0.057399359758906095,0.0899047106559575,0.059881330441606616,0.0734878962475093,0.07891610585456076
0.1210449647119957,0.11860964245782216,0.11332662252868528,0.08470112629174073,0.03101786154289881,0.029012371219264584,0.06196421604809118,0.07583339058393686,0.11879926002990317,0.11634118243947215,0.0812183165399974,0.05885918386431447,0.03847418876629055,0.05111351366691677,0.0597024826704266,0.04066932850419181,0.11702975186618807,0.11209265589358172,0.08801416304721832,0.02992002923352592,0.05521232133398284,0.06947890186677534,0.03606073910348002,0.05416733536734438,0.11439825305787647,0.07902473714262453,0.07124496113528006,0.0,0.07117274138252873,0.039673019425985896,0.030225615264566668,0.07564094424195147,0.08992402225010253,0.06887114621381844,0.01862499387748632,0.06886825769694803,0.05347394170576564,0.017630292645307705,0.08865069339872292,0.09710957586388672,0.0766908749702894,0.03785895023696678,0.02285569886413367,0.047758183650739354,0.0365734487775065,0.04035579280347132,0.08930688386220227,0.09098052424976154,0.06868721951166228,0.024601226244579926,0.028291449715972295,0.03894572119368405,0.021372382908539232,0.09439152462223997,0.08883976308209975,0.10653946747144846,0.04459889499550012,0.032712220593576743,0.033662798622690115,0.03163317403054575,0.04926531778809101,0.09180711843438871,0.09183217446233241,0.10705707949979949
0.1799854370563093,0.17748850120803453,0.1719184247427949,0.149674379116817,0.05939806285594437,0.056293219913878215,0.0464226995922273,0.04978999349669185,0.177737797682282,0.1758069627182542,0.12633601278728496,0.11295562626565708,0.08741442678889616,0.03941437761829277,0.08543433216371163,0.10404831174129443,0.1761585460349519,0.171601606905126,0.1501872560033774,0.056251265663642504,0.10992383901725655,0.04369592787516364,0.05742216414011563,0.10556401046002087,0.17318857321401074,0.13708351814668426,0.12822396866295666,0.07117274138252873,0.0,0.06164061880971025,0.0964594805660032,0.13517764607439767,0.1443316751927168,0.12614848985140126,0.08338970882574072,0.11304865956612703,0.06693725408596118,0.06562343509821651,0.15594725600748963,0.1608988061755876,0.13836907632875178,0.08790826455746048,0.07674724210872735,0.037760084915208415,0.08766715870492078,0.09077530804861082,0.15028127683727252,0.13973350629460818,0.12661450797283438,0.08473208935156394,0.0620051712474219,0.04899547967883307,0.07020588505312232,0.1611203988276348,0.14695511649187581,0.16814464339958973,0.10367780463350651,0.09193948159146928,0.057983580676705046,0.09434009969881825,0.09922590545485412,0.1512727580036253,0.148519206732831,0.16492237599132684
0.15373490601426767,0.15130152168853997,0.1452787619033231,0.11278660761141461,0.052334565560763546,0.03790896711663803,0.035861689068709804,0.06940416775845391,0.15151013010945016,0.1488170791236753,0.1153157473107408,0.08585320965465769,0.04096079970636547,0.043689522277264525,0.03763103556287027,0.0553202147403451,0.14972380529246437,0.14170926545691104,0.11401330424196238,0.054765319477363385,0.06070661275584395,0.048241103237222555,0.03179682964073107,0.08590458126060645,0.14683386553577157,0.11320091348389627,0.09385418122887136,0.039673019425985896,0.06164061880971025,0.0,0.059468495608385,0.10958619035591478,0.12369189234727727,0.10075177266025767,0.05188955770410343,0.07140889729490596,0.023720251346299046,0.03746376982551085,0.11148977281896336,0.12458656574142964,0.1082077729618962,0.06790450544155496,0.04868173766646531,0.030001568275370236,0.03302634290613382,0.06453079309347369,0.1209047088290948,0.12569293745896112,0.09838424076910492,0.054970079927178866,0.036376177708003506,0.027742610219374544,0.045122192903589216,0.11959074676617697,0.12327780746037473,0.1348631561591726,0.07549674643241794,0.049602014072824406,0.01731695234580062,0.0456412529187743,0.07649608857726044,0.12401859920465275,0.1268724937915393,0.14053258492859022
0.09843542344254308,0.09598696260715575,0.09175547357349476,0.06348994622399427,0.046209440243777114,0.04704673164054089,0.08545610163419019,0.09424316315774454,0.09620375591079214,0.09386282507167801,0.06666317530412472,0.05042745341278322,0.04754723864950764,0.07653843581119314,0.07713448207036143,0.026669968371116334,0.09450306911893025,0.09213855180924856,0.06956807985106339,0.04802991155770562,0.05523583503017909,0.09093131700646971,0.053687759450731225,0.03789234641150433,0.09254440905291728,0.05861847206956587,0.06267005465727316,0.030225615264566668,0.0964594805660032,0.059468495608385,0.0,0.05540080457921719,0.07138214887651308,0.05115457433867484,0.023629417489759993,0.072304623504407,0.07416887453408487,0.03549808250547202,0.0654676657947625,0.07460891312729392,0.05507086094372637,0.03352764620900522,0.029909981261090995,0.0741763787757823,0.04783633436229666,0.02849139526770351,0.06806019875206802,0.07281776354721971,0.05308604883001645,0.02399618174502998,0.04838343380909234,0.06120317523331377,0.02973272238188131,0.07081437264065303,0.06671687411016909,0.08328416441197159,0.032795831502529335,0.03407777989951741,0.056379971635173526,0.030531963236284754,0.034506807204768786,0.06994294586964851,0.07098067078046592,0.08455735843935815
