-0.0,-1.6051639550280732,-1.9094508984067262,-1.940019893533583,-1.816119473480523,-1.9357835091060949,-1.6612597247552046,-2.124538238591274,-1.7822442207157547,-1.9262825649991917,-1.9516744796601238,-1.8594233270121707,-1.6859824696333812,-2.1305973409740075,-2.352523987717403,-2.133925558705032,-1.7483565533817513,-1.6512212384933271,-1.8133197467014717,-2.147121498828727,-1.660760299719276,-1.9363973781500095,-1.5505666284675768,-2.3469205353041365,-1.7975332890643216,-1.9303978498410943,-1.7335854432453435,-1.9666681154710994,-1.9789924436354929,-2.1440695068044584,-1.9712452525140043,-2.087107805904558,-2.0835656222506462,-1.7301117574387992,-1.45504065956159,-2.160358132338098,-2.136821633534327,-2.07921271656156,-1.9631289294629903,-1.9121766156908355,-2.009457855614378,-1.612768570344178,-1.5083375134406847,-1.7626962767160148,-2.0784613222707704,-1.803027667645781,-1.7024314986183438,-1.866065072857435,-1.7458772961809477,-2.2270491327664312,-1.7197268746191725,-1.67331968757108,-1.8607466723051822,-2.1767718214908545,-1.5186794882797403,-2.0441248729219574,-1.4056679718019445,-1.8159587352996225,-1.5231251911710513,-1.5701007921359538,-1.5009129807088857,-1.7570764006919548,-1.5340324114726993,-1.6918705549982018,-1.5654637268465597,-1.6235457284429147,-1.6362943026496533,-1.7471476219778341,-1.7520830595875267,-1.8336961824016442,-1.9935565282513248,-1.336854415192859,-1.9212148988663185,-2.2290743602500718,-1.924270440189864,-2.2811211803013824,-1.7957575386886995,-1.6561812797858735,-1.4990347263134638,-1.7074115495586224,-1.5725297072374669,-1.6661991562919436,-2.189426896907276,-2.1366144753861493,-1.5479027043033518,-2.03194510862541,-2.0185089343787976,-2.035031584478312
-1.6051639550280732,-0.0,-2.2980361372275344,-2.0260657420390795,-1.7213048994006759,-1.8280528666486788,-2.2514942647014986,-2.019777879055019,-1.65627673331716,-2.15528213564267,-1.7040313196270325,-1.8408815074063198,-2.1103420492729783,-1.9925592263387952,-2.369345974000661,-1.7377073116489656,-1.882866381087513,-1.8401498858919647,-1.8571796911024312,-2.1127706343753254,-1.571352870485523,-2.0711916182450376,-1.3202672991599504,-2.232650642094074,-2.0408733960968157,-2.0630067419610216,-1.583741911221987,-2.4153447522627,-1.9108619424746702,-1.9300522121338068,-1.9256034765017807,-1.9933462112473073,-1.980440327429213,-1.8663029637734754,-1.7600313933996325,-2.1106412085450255,-1.8913740263715737,-2.160594932339789,-2.0599288085374905,-2.0366750600875827,-2.064323326734306,-1.5391287897197103,-1.8752044146218245,-1.9121904146572455,-2.4137047724132374,-2.169220655383389,-2.1270008486753085,-1.8790500216009753,-1.909032291935704,-2.2965560369622136,-2.088812978400573,-1.4020575638114958,-2.167139482663341,-2.0485536910655457,-1.5027342659544654,-1.6759195525090882,-1.7880070664668346,-1.7904409413214697,-2.1390428498233525,-1.500806095450862,-1.883739537114521,-1.8788560147553541,-2.1601485793719575,-1.729541069767835,-1.9112022663163508,-1.7867738395155128,-2.165387530973681,-1.8518357873258406,-1.663082090965503,-2.172758485186934,-1.4235710914180855,-1.9148073213874515,-2.081671806451365,-1.9419540537294389,-1.7642905312314126,-2.3666266048034803,-2.0921818645502857,-1.8844278045568001,-2.0819167391294138,-1.8714197060534548,-1.6376992547325182,-1.6121597292278345,-2.0687755396478726,-2.047636002214472,-1.9967829832066106,-2.2839376041067263,-2.2282004485390523,-1.901514758222281
-1.9094508984067262,-2.2980361372275344,-0.0,-1.8254577160052516,-1.5347491115627718,-1.8943586849658918,-1.594076051076366,-1.8616901666749301,-1.836607985984017,-2.2195553172076212,-1.8676144949262963,-1.4878241364220246,-1.8759900002785452,-1.688794472167929,-2.3437416431776112,-1.9217956495843869,-1.374433656087193,-1.86722831164269,-1.561479451945513,-1.9030012228160267,-2.089371012348235,-1.7230109988347806,-1.851731694275147,-2.0153571356118967,-2.0291114455166395,-1.8645208339891306,-1.8148345764720861,-1.8865360564796856,-1.7247074983981763,-2.1994631865053735,-1.5964443503626304,-1.939079330932468,-1.8391376684187872,-2.1074209683434852,-1.6658295389673914,-2.138531116243959,-2.0195507885858714,-2.071649005772079,-1.7758679790034926,-1.0073210827609007,-2.1268616583956126,-1.7520726227656047,-1.3763810407863983,-1.7811004324044228,-1.6113166350042567,-1.8137824781954517,-1.8635107738777479,-1.8608044988966965,-1.8692815707401267,-1.9137212627226659,-2.0929468470489474,-1.7397777369971605,-1.844409549016236,-1.6430973305802565,-1.6249404000737808,-1.7357434409143095,-1.794103216144895,-1.7516470713316448,-1.976671110881224,-1.8295898088185047,-1.912330814555338,-1.9254843695618582,-1.746151851115433,-1.9879661740102954,-1.987559623888291,-1.6420366457021005,-1.7811703258332612,-1.5792232931806678,-2.2247499576806202,-1.5631818683539758,-2.1144845476768097,-1.731257906539254,-1.838663117982188,-1.6444925189817734,-2.11625881437637,-1.8002408057398593,-1.6746353844910526,-1.7269180699735083,-1.8724003878186344,-1.7688317376252738,-2.075107522311145,-2.0094453173750733,-2.1114203675322214,-2.185941160341031,-1.7898574440498762,-1.8289030378577646,-1.991702109603365,-1.7732231922444175
-1.940019893533583,-2.0260657420390795,-1.8254577160052516,-0.0,-1.6495831278366342,-1.9809528303162076,-1.4458896759199957,-1.6308991148472607,-2.1181488490080596,-2.130946958117224,-1.8847638432722296,-1.6795216439625185,-2.235940922808772,-2.1511015644302103,-1.902075593990687,-1.5088114527474712,-1.2722797703349025,-1.8881158587565068,-2.0018200348876567,-2.2472254906522484,-1.9268499382083282,-1.776202650839253,-1.7133769026677272,-1.9798186269470082,-1.8512742591019176,-1.872853631130536,-1.9739696159320117,-1.87304470187851,-1.9001602248914096,-1.7265383349867045,-2.055851360122942,-2.249017288191316,-1.6525898261263858,-1.522755361008981,-1.7260010192008188,-1.9143201737298647,-1.8311309543008083,-1.7937089974778613,-1.8224352232214118,-1.5976228254338076,-1.7185131671060423,-2.1181573350667504,-1.919560362613688,-1.9927545647367009,-2.4068984964351072,-2.1701288071641107,-2.126976694699628,-1.961719644995239,-1.8347458404790213,-2.1571961413940057,-2.1156154394984306,-1.7504938468380498,-1.9522993161584876,-1.8682488301907154,-1.6876588030698274,-1.72145317739983,-2.046052127124456,-2.158463578482253,-1.9229747528327745,-1.8563217475343354,-1.7981640970266266,-1.8645710459002178,-1.6589917617157772,-2.3417883259154832,-1.8072250408521988,-1.7707460104505415,-1.6276420369485471,-1.722162380144738,-1.7109852285143958,-1.9356013015903983,-2.0175826155645407,-2.141264995838437,-1.854287532665404,-1.7706308933043984,-1.7463494821545362,-2.4866521891495497,-1.6107624920869736,-1.5398354513824286,-2.166177613676578,-1.460874331007302,-1.702584658028528,-1.5622517189296186,-2.0299304097966475,-1.5889145892730614,-2.0940041230756585,-1.4180644416145178,-2.064616365736782,-1.766013647853668
-1.816119473480523,-1.7213048994006759,-1.5347491115627718,-1.6495831278366342,-0.0,-1.3472424886454701,-1.5701374841941214,-1.713477126119211,-1.6392203870303454,-1.4625417602678745,-1.4177884762661697,-1.082367919974246,-1.6146998379132405,-1.5775776700000517,-1.9790240147367615,-1.3989787817447457,-1.4520562663958865,-1.8079024008058713,-1.2491531727988547,-1.316238112346569,-1.48512846682457,-1.5596160172192541,-1.1975169322994643,-1.6423005197422473,-1.5276521746179355,-1.0390066221619763,-1.3085446536973158,-1.8213589443520106,-1.5427817294010229,-1.4225558656463537,-1.579864998571743,-1.7428597806715955,-1.4748050884445978,-1.7442196761972435,-1.5625136336275398,-1.7446604371622776,-1.6474720185978324,-1.2649788803679949,-1.7707596154796796,-1.2973463348287866,-1.270883313194573,-1.5871242794714955,-1.3587565237225343,-1.6999850861576524,-1.392735841182542,-1.544855673408407,-1.7965452369500758,-1.4821408717089668,-1.5431741725553199,-1.5175001045168919,-1.7247740322711773,-1.178732463945688,-1.8237587662353174,-1.4644809224255668,-1.462235151564135,-1.1469051193725286,-1.7111639146405213,-1.7806419976887167,-1.9666284564289302,-1.5430906197533423,-1.6111258761769358,-1.8156185669385936,-1.6410349765457646,-1.7637402168885075,-1.3390632694389133,-1.5474395022862164,-1.7127206623264435,-1.6625802462758412,-1.7716940732333633,-1.6329068042788413,-1.5702930861081112,-1.741582590880738,-1.605128939530629,-1.4216401959537097,-1.1235913153759847,-1.5354625480345552,-1.597746638510362,-1.5634040212713474,-1.4254249748672627,-1.4035571092992738,-1.6292160472800394,-1.2557049852583975,-1.708485223570367,-1.482657006347419,-1.7637725129101856,-1.6405030266343352,-1.7149348929554717,-1.7106088814833587
-1.9357835091060949,-1.8280528666486788,-1.8943586849658918,-1.9809528303162076,-1.3472424886454701,-0.0,-2.109155814961975,-1.7221437661377508,-1.8935131261730085,-2.002582232097244,-1.988378420330325,-1.460498468753283,-2.0805408140281085,-2.0029039407867844,-1.8836181405478212,-1.4939893115624894,-1.7828707883890151,-1.9368211784595917,-1.570354980946698,-1.692648678050661,-2.080605774950727,-2.171910684316588,-1.525681825208093,-2.111131197777135,-2.0633149335810677,-1.5433149598661289,-1.6879398097184553,-2.284663102173095,-1.7888967816604922,-1.8745445045902769,-1.6322746463300724,-1.9235120141775826,-1.8135226042756616,-1.7839961193865115,-1.7628800507183553,-1.8716565253886484,-2.1255637642099283,-1.760892791117511,-1.8680338064363087,-1.8177344717599913,-2.006151704418966,-1.6885915242684335,-1.5354415940126669,-2.1566262223904498,-2.239107914565104,-2.117729785662272,-2.365941024123539,-1.6272943734038736,-2.0838588619905205,-1.4892317406911286,-1.9993296065494464,-1.3895775646319561,-1.9579935345488229,-1.9517844663559696,-1.7260785439123736,-1.434299288475264,-1.8178607462172065,-1.4992326022256557,-1.7641268749759376,-1.78198357115001,-2.0233607885125235,-1.7118005964187872,-1.835083367733547,-1.7998565142888332,-1.9091530922348154,-1.838691366500757,-2.03458216396283,-1.89766594304409,-1.9876777233302487,-2.095201988746869,-1.8080147510474396,-1.5875635379932609,-1.7587754049573874,-1.8628831091816362,-1.880096860158065,-2.024285784640309,-1.5015456573237804,-1.5262585653925762,-1.986299978276812,-1.802759231018128,-1.8416263144319707,-1.7165881605218942,-1.7472191375303066,-1.2149874651308497,-2.246861916822149,-1.846102786751879,-1.6415977553635788,-2.110180452314299
-1.6612597247552046,-2.2514942647014986,-1.594076051076366,-1.4458896759199957,-1.5701374841941214,-2.109155814961975,-0.0,-2.190202936847966,-1.6899530297846856,-1.8706256592510901,-1.560598837665137,-1.6302319254285125,-1.5897067600784724,-2.1694727491086536,-2.227578854273284,-1.764701428662121,-1.4612316809170005,-1.8985689957015264,-1.7204830202328099,-2.019496113624125,-1.9366098370044234,-1.719769662238339,-1.7256529987210343,-2.093456296027714,-1.6181105489571899,-1.6850167376421377,-1.9738218085909538,-1.7920366116607394,-1.88601449484909,-1.8815929367777118,-2.0121713749028194,-2.0147962228578757,-1.8193032951189727,-1.6114555583458476,-1.6585087739667854,-2.0614355144826937,-2.0828766399542635,-1.7687475771090686,-2.0580513107245255,-1.355246466805801,-1.8447028736256759,-1.8265342388606627,-1.6396512435210673,-2.0372082084658394,-1.8069903599519481,-2.0200379190568873,-1.9150931883015552,-2.13326948044475,-1.7616071005289875,-1.906973303000268,-2.118649906893846,-1.9014254071749204,-2.059175691331564,-1.9428619789057373,-1.7659835729749769,-1.9970082929806379,-1.9720235374583501,-2.257947274337791,-1.9451800689205612,-1.974400255547293,-1.475657834533662,-1.8266439096013654,-1.7287148699325463,-2.1067083361442123,-1.6261777285107641,-1.709709302105193,-1.3661485494644239,-1.7354346882794744,-1.8170427508226348,-1.6983092647500955,-1.9976589850922528,-1.8734429790082174,-1.6901028245147343,-1.7633744124866153,-1.5759052889821101,-2.3074476029337436,-1.6805873321795304,-1.4885791063494216,-1.6487019821290485,-1.5064386558722629,-1.6643258597922872,-1.829673133446667,-1.9711811229339111,-1.949340541720061,-1.9047552006654982,-1.347635422127906,-2.2408007594820156,-2.2443973057275826
-2.124538238591274,-2.019777879055019,-1.8616901666749301,-1.6308991148472607,-1.713477126119211,-1.7221437661377508,-2.190202936847966,-0.0,-1.9333327896863937,-1.9887245355966687,-2.069824413370333,-1.6221244587229062,-2.45093661586042,-1.8564667718075814,-1.8214714426586733,-1.8630376865088805,-1.8717587236277715,-1.698387235808494,-1.972138168803362,-2.1729876064050933,-2.1708961777759503,-1.9830132893545096,-1.8962828246549441,-1.8860122579586935,-2.274034798464124,-1.7913220340306788,-2.0528489524111606,-1.760299689395857,-2.180036016321367,-2.031161313523434,-1.8134492806866227,-1.875869829991742,-1.5116646564657543,-1.8785568229049792,-1.8240581018940665,-1.7584483483645044,-2.1495080776620745,-1.7942049145303511,-1.5885245709733724,-1.9570046875839349,-2.068772518868425,-1.92570637697816,-1.9291886057342416,-1.7457012570855157,-2.211966690163637,-2.039412677086607,-2.2864475483450404,-1.5606934565774968,-1.9654696447067823,-1.9259675941256784,-2.1636727609595376,-1.4911140211373273,-1.9707110345504741,-1.9610494772228364,-1.6486297854474694,-1.387919112339229,-1.7217859295383489,-1.713126477488225,-2.1366695112310987,-2.0412313659887813,-1.7766885841302757,-1.6771733490229064,-1.3707709917096915,-2.113589706171999,-2.0121069840065973,-1.5883997958008318,-1.7681007655913377,-1.2984301633519333,-1.8710026708679453,-2.0931454478230025,-2.1094256071937094,-1.953668775214793,-1.8572114517826745,-1.8596215878973452,-2.170376298249315,-2.102680046359765,-1.6788944107240442,-1.785444628308902,-2.276401745159025,-1.8985875247028554,-2.0029384391746348,-1.8600957174476078,-1.8532418155856722,-1.8352671583088036,-2.1837556560676354,-1.9633981045040019,-1.4587617415014986,-1.57319792809262
-1.7822442207157547,-1.65627673331716,-1.836607985984017,-2.1181488490080596,-1.6392203870303454,-1.8935131261730085,-1.6899530297846856,-1.9333327896863937,-0.0,-1.9412825093001032,-1.7550546633983424,-1.5125760450693309,-1.6966004156540013,-2.142919536027845,-2.475475000057007,-1.8267989631703891,-1.9157391645079098,-1.7462799579969903,-1.8227974780419165,-1.9470045192087353,-1.7715697504581802,-1.8770241918250565,-1.5300879706720016,-2.4408253179810435,-1.7804656527367795,-1.9140437570090412,-1.626337841650114,-2.150724315455903,-1.6632806777596016,-2.0099087010278063,-1.483869850619641,-1.8452167638802883,-1.9212908330413059,-2.187250285728074,-1.8447452112861866,-2.3572005917681293,-1.9979955147990913,-2.1616913884743525,-1.833724373726266,-1.8261288819688652,-2.280219796124067,-1.4806611468242092,-1.3778717104911085,-2.0096297904464375,-2.0025676263488603,-2.2726622672984043,-1.9602046749046735,-1.9496872311973368,-2.1969932881262912,-1.895792695828458,-2.2718320526154363,-1.6229068127957527,-2.05008562896287,-1.825243087503141,-1.7599653072575459,-1.6445528730128531,-1.8575182082551223,-1.5495848236717331,-2.121758987866609,-2.0082089641355303,-1.473436512823401,-1.2504371572384332,-2.1250678952404822,-1.888856149260889,-1.8277138814643046,-1.9182128377326624,-2.0347107905915625,-1.7910524583327692,-1.985812073692426,-1.928312962255544,-2.044186593834288,-1.695822507327465,-1.8171452418655016,-1.6654077745475622,-1.9260846723884562,-2.0859159797596885,-1.9729801998231853,-1.6629392025962422,-1.8958275610022313,-1.9300357564799575,-1.5821119262949717,-1.5631069733104348,-1.9906731232784014,-2.2066659667053448,-1.8405160744073834,-1.9528810840221569,-2.3363415614698453,-2.031881448859054
-1.9262825649991917,-2.15528213564267,-2.2195553172076212,-2.130946958117224,-1.4625417602678745,-2.002582232097244,-1.8706256592510901,-1.9887245355966687,-1.9412825093001032,-0.0,-1.5339755095925387,-1.7798376273787277,-1.650474076578476,-1.9829353034467092,-2.1014033448125193,-2.1427598054837182,-2.044187616669436,-1.9147264170400395,-1.6395005832182223,-1.7229461148030103,-1.883882271531649,-1.6762725446957958,-1.7943985323235956,-1.7590826058853903,-1.7819035323217685,-1.4768942178334785,-1.9685770941240617,-1.8252403116761426,-2.199949713663014,-1.8918206246786224,-1.8910446962988592,-1.8734816146743867,-1.6679624738193897,-2.0893503357727328,-1.807311110827083,-1.966963894983629,-1.947928972624742,-1.5064882843418548,-2.0651956293437386,-2.092303722960991,-1.7296017656515077,-2.1489007300573326,-1.916395743727753,-1.7121431053755836,-1.8966664046018673,-1.473730734717429,-1.60541718769458,-1.6292398421428473,-1.7898574960088578,-1.8635353673601245,-1.8418682396087964,-1.514215215272293,-1.655507296139129,-2.1891634931559945,-1.6979045640018573,-1.7885095820510664,-1.9845340388041195,-2.2162499048531346,-1.8517559206648873,-1.9299521168449716,-1.534157450000565,-1.8629902537547387,-1.549989879613277,-1.926395456569473,-1.4624443836820498,-1.6078035990863624,-1.7891846474417952,-1.8186021030026078,-1.5230490980427402,-1.6368607111144668,-2.009114283807108,-1.779892488274937,-1.9899332532430898,-2.2117591816235755,-1.536519547303258,-1.9814867161050502,-1.873346514434351,-1.5811935723835286,-1.6960141033503597,-1.9861514864994532,-1.468833080527377,-1.8153941586554607,-2.0737872615772663,-1.9866256716820314,-1.8257261039666444,-2.087263883383924,-1.6623028442504613,-1.9340234023083567
-1.9516744796601238,-1.7040313196270325,-1.8676144949262963,-1.8847638432722296,-1.4177884762661697,-1.988378420330325,-1.560598837665137,-2.069824413370333,-1.7550546633983424,-1.5339755095925387,-0.0,-1.6226538096920062,-1.6880175099458992,-1.949817263053997,-2.1848259367109057,-1.7283480050835542,-1.7181520926223386,-1.6819120663389762,-1.421704163887229,-1.8562131674200044,-1.8935562741463658,-1.5046726844181346,-1.4406463102901557,-1.6583543393102054,-2.0283171236217044,-1.6994096536852945,-1.6939479763984249,-2.0427790548459703,-2.027912563619424,-1.8451964241785026,-1.9592352667023434,-1.879746909650792,-1.644669230098687,-1.8955407498677193,-1.5681196189075814,-1.6525978810872972,-2.0880136241347946,-1.7076456180002608,-2.166733967491751,-1.673286910104533,-1.8726392871934077,-1.709044351785698,-1.9378742353521057,-1.5410204153723763,-1.8155325764898307,-1.7570720030680012,-1.675584669876587,-2.0139881832036366,-1.5128123997341478,-1.8615844453687405,-2.172093876319119,-1.4342486948819102,-2.224038211590288,-1.9008340912080353,-1.561899297503471,-1.7917047014884206,-1.895040397526749,-2.277183359330225,-2.061367323778698,-1.6123122448675753,-1.7935556119666862,-1.9619311022903148,-1.8792417296570971,-1.5989188885545615,-1.7844643687710162,-1.4906188406796037,-1.761055615025818,-1.605993828689987,-1.5512531820917685,-1.6348336819909886,-1.5430297105066728,-2.116116942840508,-1.6065811335213256,-1.9033210758918224,-1.4567823900126338,-2.285100415142069,-1.8765722095158643,-1.5339273635040567,-1.8814088070137909,-1.783505681713135,-1.750171814352761,-1.9413684253963657,-1.925190253894521,-1.9522802003933433,-1.954641987418749,-1.9407509196084682,-2.0895387584434113,-2.0184562314774226
-1.8594233270121707,-1.8408815074063198,-1.4878241364220246,-1.6795216439625185,-1.082367919974246,-1.460498468753283,-1.6302319254285125,-1.6221244587229062,-1.5125760450693309,-1.7798376273787277,-1.6226538096920062,-0.0,-1.8861071036244084,-1.7005207972707752,-2.097611833444958,-1.6524039031333373,-1.2701184458753423,-1.6161205666729617,-1.3903032074549004,-1.458377083517925,-1.539089173948496,-1.8653475102504506,-1.2414693599197255,-1.6912696465849266,-1.897669538043766,-1.2616383176340655,-1.8634105023588856,-1.8714107308057844,-1.6979208730940998,-1.825698630278341,-1.8569887169264176,-1.8678418129387189,-1.385494545710809,-1.6894714219927336,-1.6989245478879025,-1.694954477552178,-1.773719948485547,-1.452077375812614,-1.8426850396780723,-1.606639588602776,-1.7541567135555387,-1.520564830593199,-1.3386480137022245,-1.5117640873968752,-1.5024573808806259,-1.6379247567624877,-1.8336373721475239,-1.9071014625977547,-1.587887779734346,-1.3092378177134294,-1.9672564868615423,-1.5013893485670966,-1.8139983089003175,-1.5538028880241321,-1.5729319778004522,-1.4362819602163261,-1.6284104301267288,-1.6684558005512302,-1.8334352899531154,-1.4742694868129638,-1.5913687727148031,-1.4764472839440013,-1.5893553808532732,-1.5792467252284854,-1.404160748917586,-1.3167349573384324,-1.811967380307042,-1.627507270254113,-2.095465327743844,-1.7572964585862239,-1.5944524451221271,-1.7634340455027637,-1.5859755073362722,-1.688943936127223,-1.4418840330326492,-1.6518030485517992,-1.5978983971522431,-1.2814629173155414,-1.7836665478528946,-1.4596183511958871,-1.784045475226397,-1.45289439581531,-1.3624440234068935,-1.542400185266187,-1.9188130552521152,-1.3488440858063735,-1.7931432446889277,-1.8460770201968446
-1.6859824696333812,-2.1103420492729783,-1.8759900002785452,-2.235940922808772,-1.6146998379132405,-2.0805408140281085,-1.5897067600784724,-2.45093661586042,-1.6966004156540013,-1.650474076578476,-1.6880175099458992,-1.8861071036244084,-0.0,-2.0282422175504196,-2.6438192392849773,-1.9761674963775562,-1.9626712887890254,-1.8409463847149938,-1.566849644792144,-1.8128344357101578,-1.6207816821990693,-1.6362943718453045,-1.8715206773729811,-2.5336679590543993,-1.436445738874311,-1.8023433824278208,-1.8674669166247824,-1.9335968570280069,-1.6811183996955905,-2.4087517589592595,-1.9750822185872554,-2.115769248918478,-2.254629416839013,-1.9976178970052578,-1.6187674896612523,-2.247697591749939,-2.07730343468559,-2.0378901624185772,-2.274782268093193,-1.6834393812497868,-1.7747053071455403,-1.7836072665378093,-1.6797558914313089,-1.753710115569047,-1.771835138632408,-1.691128468002038,-1.3813227085094975,-1.6768420673478066,-1.8227246658212048,-2.206179837492305,-1.9959542353059143,-1.7913306311636348,-1.7959447078801583,-1.8827457999756314,-1.5678985746742495,-1.9427275369290042,-2.075834856494172,-1.9401649601546793,-2.238118597413212,-2.134920525989196,-2.0118689746840803,-1.8988604571907572,-2.130134570205054,-1.9995271065107478,-1.9200466547146482,-1.8319080517715458,-1.7855317943817688,-2.125483265485433,-1.8003440824271948,-1.6107312112226324,-2.09857927448027,-1.8170060869164044,-1.660660906594978,-1.987458584564957,-1.8549377546838406,-2.129528596452894,-1.5376150001230648,-1.6712574527774797,-1.2092657372061735,-1.781527464497044,-1.4552730972466383,-2.03402285589563,-2.178983945852346,-2.202636836470778,-1.4274586326863716,-2.1736915422305265,-2.164419389693045,-2.0731295442809237
-2.1305973409740075,-1.9925592263387952,-1.688794472167929,-2.1511015644302103,-1.5775776700000517,-2.0029039407867844,-2.1694727491086536,-1.8564667718075814,-2.142919536027845,-1.9829353034467092,-1.949817263053997,-1.7005207972707752,-2.0282422175504196,-0.0,-2.10114332151498,-2.13145483851922,-1.775520562347424,-1.916146475466198,-1.5301918863576076,-1.533753890321347,-1.5828932398638138,-2.2035937423369507,-1.944903577740112,-1.7010044391912675,-2.007522357253697,-1.6068310859900103,-2.1256057604882024,-1.8131665722331805,-1.9713662336660462,-2.084396242511436,-2.090304864660055,-1.8052383673370263,-1.775389987242823,-2.0628523409948856,-1.7604412161412688,-1.7261851511349915,-2.0224357909023283,-1.7580147044446914,-1.7309512226900385,-1.7113388459599412,-1.8116612271998225,-1.8080543002947587,-2.105278824654336,-1.5007218569668768,-1.672644727283341,-1.6180611240463953,-2.0569530749425122,-1.5650241545335468,-1.3981224496627664,-2.027577506777533,-1.9178022976569133,-1.3579440239252678,-1.851825120754033,-1.7834527775645495,-1.4703920567254987,-1.434299523231886,-1.912002478594122,-1.7457591878446403,-2.180160670221696,-1.787700711175071,-1.9992717655092502,-2.045202158030461,-1.8456587380080676,-1.8584579564075918,-1.8125242746428516,-1.4933763554246389,-2.1827687822953292,-1.7894904808488796,-1.9077822384625078,-2.038837096249248,-1.6063494728896732,-1.5958126744509273,-1.8642120809509977,-1.8242918375632273,-1.74469243040603,-1.565589758716925,-1.8869827781449786,-1.987538601190635,-1.9253476060496506,-1.961961873530264,-1.8362147732663125,-2.0951870639697363,-1.8879710577622693,-2.1419319425609102,-1.7218119020388734,-1.9381583681305528,-1.720029998302169,-1.933560155228468
-2.352523987717403,-2.369345974000661,-2.3437416431776112,-1.902075593990687,-1.9790240147367615,-1.8836181405478212,-2.227578854273284,-1.8214714426586733,-2.475475000057007,-2.1014033448125193,-2.1848259367109057,-2.097611833444958,-2.6438192392849773,-2.10114332151498,-0.0,-2.1358104401477425,-2.015797854549634,-1.9519839860233772,-2.361967681166125,-2.385834930426155,-2.414617809005485,-2.5554401805068956,-2.0134619869288937,-1.6045569495845031,-2.080095887421913,-1.8729229336724502,-2.423352666898991,-2.2845242336702016,-2.383657128274173,-1.870466338782592,-2.1592701345958036,-1.9632972950692957,-1.8262586168471584,-2.0162356368519743,-2.2681151859369786,-1.5809527173661817,-2.1740430153092976,-1.597864706875037,-1.403049293929587,-2.16517288949187,-2.183358325179825,-2.543693995080801,-2.3110343144737624,-2.338311180951348,-2.53518081870586,-2.220976973081433,-2.3495665962653067,-1.7919212595260272,-2.0064064712920366,-2.0567045093135627,-2.023519320199314,-1.9356374357794421,-2.1158171759480053,-2.258998293209278,-1.907199156203394,-1.9095594939578728,-2.166243413382665,-2.26625168481635,-2.0418657588430285,-1.7603104834942491,-2.051571190547676,-2.0307003175074003,-1.8163251986669813,-2.0184399347809228,-2.037847439664765,-2.180937254365164,-2.200515880084734,-1.966711903635161,-1.6885765007875437,-1.9539529414233638,-2.1567797544285554,-1.9818212835502653,-2.161456762212296,-2.1649107805887247,-1.9691758584810337,-2.259513693634388,-2.1428909969470107,-1.9141504219100316,-2.114303843445355,-2.1992238593267652,-2.1200916880226335,-2.068049105854206,-2.1596072583043915,-1.7877244071611111,-2.2883585064616154,-1.655699460827731,-1.7744445398363216,-2.0190095059599633
-2.133925558705032,-1.7377073116489656,-1.9217956495843869,-1.5088114527474712,-1.3989787817447457,-1.4939893115624894,-1.764701428662121,-1.8630376865088805,-1.8267989631703891,-2.1427598054837182,-1.7283480050835542,-1.6524039031333373,-1.9761674963775562,-2.13145483851922,-2.1358104401477425,-0.0,-1.829157122704728,-2.272775011905423,-1.6353118869928043,-1.8987150059475624,-1.9113567854600952,-1.8055676603251878,-1.8187130954122894,-2.140803611745905,-1.700033965088611,-1.86804417526381,-1.6632718941949172,-2.121852896597436,-1.4765053712304785,-1.781989167635559,-1.639889552490232,-2.2432552249043063,-1.7873437214156604,-1.5116908199074606,-1.7248135958727604,-1.9388289407472263,-1.7358405488431536,-1.8855455434727288,-2.041304004951021,-1.4016967738249482,-1.8791104227352673,-1.6598717338319389,-1.912062700197543,-2.225669336287043,-2.412818449217051,-2.148932220782964,-2.3890287621205757,-1.7524027635906065,-2.059723249262955,-1.9958204690489791,-1.80783156285312,-1.6321546266171685,-2.0144180146662016,-1.6505717549384613,-1.3412694204367084,-1.704141228269253,-2.0103135923343065,-1.9525489446501183,-2.2699979846376643,-1.973835920474303,-2.156672301472925,-1.7815849400167718,-2.166206638363066,-2.228718962195964,-2.0357506457037102,-2.088504046307061,-1.7243567391467034,-1.8636785875940451,-1.821607452676231,-1.9861755983887746,-1.6022017149320895,-2.1305000988800713,-1.5978542813582974,-1.126858252170568,-1.6105572018015193,-2.2316201625085252,-1.708146018969638,-1.816698143074129,-2.0864791358648835,-1.9238763630394446,-1.773008112667006,-1.604892379685872,-1.6006887425816583,-1.1810753795464026,-2.269568012617383,-1.8298537618759076,-2.0713001285050376,-1.855589722989208
-1.7483565533817513,-1.882866381087513,-1.374433656087193,-1.2722797703349025,-1.4520562663958865,-1.7828707883890151,-1.4612316809170005,-1.8717587236277715,-1.9157391645079098,-2.044187616669436,-1.7181520926223386,-1.2701184458753423,-1.9626712887890254,-1.775520562347424,-2.015797854549634,-1.829157122704728,-0.0,-1.5765444853824846,-1.7038958503937793,-1.823265569769317,-1.7082895539996972,-1.7367197917349755,-1.2932253194590448,-1.7387913649505689,-2.035950085550388,-1.713044469919608,-1.817422839439103,-1.9569176416786251,-2.0167596072109246,-1.7221710750850365,-1.8333939893322708,-1.677618052925788,-1.3992919095292855,-1.6961196676996109,-1.6893317841525615,-1.961700719196481,-1.6740524004041661,-1.721229089830583,-1.8545635577073996,-1.2308021452018916,-1.561072497955926,-1.7315765468098778,-1.5053397229392425,-1.7666469957905382,-1.7992538509542306,-1.913441751778443,-1.8356500811824126,-1.8697225666453328,-1.7053182377681686,-1.655873307562212,-2.0222073931616684,-1.6357898010637115,-1.6919045168817672,-1.854022941029137,-1.5524704124780535,-1.5833342284474872,-1.7312424103077912,-1.8788918126218308,-1.6284938201407528,-1.4836750591867973,-1.6253575903006428,-1.9309720863823527,-1.7570408264295945,-1.8027517841845817,-1.4314799009568857,-1.2553493123169144,-1.8969434243553085,-1.620910796114025,-1.8851729983509151,-1.4628788391994318,-1.6940584624447341,-1.878477645667764,-2.0639613794331906,-1.7136022037366812,-1.5061911350459434,-1.935806712893777,-1.5734224561598968,-1.16367335022844,-1.8570932042074428,-1.1302182394069311,-1.6308271470801439,-1.7971718413604254,-1.8350426944000717,-1.9142500193583902,-1.9153482066771106,-1.3314787949304063,-1.8819987455120821,-1.7305631116641915
-1.6512212384933271,-1.8401498858919647,-1.86722831164269,-1.8881158587565068,-1.8079024008058713,-1.9368211784595917,-1.8985689957015264,-1.698387235808494,-1.7462799579969903,-1.9147264170400395,-1.6819120663389762,-1.6161205666729617,-1.8409463847149938,-1.916146475466198,-1.9519839860233772,-2.272775011905423,-1.5765444853824846,-0.0,-1.9255222460532788,-2.243231334202265,-1.848866929846917,-1.9417095415972734,-1.5897537806439748,-2.062593638725397,-2.118369936483053,-1.9661360613621268,-1.9824987953153872,-2.1490499189309022,-2.2424150362513835,-2.328211822636286,-2.0707293552393478,-1.8914928309190184,-1.9326442878426886,-1.973960622917014,-1.8643413482072564,-1.9183628988764363,-2.319762185409275,-1.8077982746524208,-1.593540441608115,-1.9788529186867547,-1.9988943445214498,-1.9689641158265567,-1.8108553242957584,-1.3578465665785209,-1.9756176630195426,-1.7768993912500282,-1.4351646494817913,-1.743150027497295,-1.6987984778822591,-2.1186176554463865,-2.2835942943948497,-1.520923728740246,-2.098305217617042,-2.201874521992313,-1.6700230121705282,-1.5995429934393552,-1.5523158073603884,-1.7731153719303818,-1.8469159766399226,-1.5722684942446257,-1.8768486560692093,-1.6940802897015115,-1.6164560544051438,-1.6789649361584795,-1.783443328944151,-1.3975299028294639,-1.9408539741579602,-1.7498544144115167,-1.7356257213452309,-1.5984955068413538,-2.0031509301760795,-1.7389047986728121,-1.8498061475882563,-2.2847446973720977,-2.036146986555607,-2.323175580679706,-1.423003008183977,-1.5098435385634126,-1.8094488638129615,-1.3978899322572675,-1.8353109002762829,-1.9295792696214853,-2.2053890565548873,-2.0815084358867044,-1.3489016136892733,-1.782286181742955,-2.0488002885005265,-1.9216575850504178
-1.8133197467014717,-1.8571796911024312,-1.561479451945513,-2.0018200348876567,-1.2491531727988547,-1.570354980946698,-1.7204830202328099,-1.972138168803362,-1.8227974780419165,-1.6395005832182223,-1.421704163887229,-1.3903032074549004,-1.566849644792144,-1.5301918863576076,-2.361967681166125,-1.6353118869928043,-1.7038958503937793,-1.9255222460532788,-0.0,-0.9292431165148124,-1.5401615908935538,-1.4891168506277013,-1.7372805609800925,-1.8990745793623116,-1.8005969732649867,-1.6800169055421887,-1.704802424100676,-2.0408398897681423,-1.660730444962521,-1.840774120601245,-1.7278685967274872,-1.9945915555786269,-1.543130614224332,-1.750751614785842,-1.6720043808726863,-1.8001871328196681,-1.9330054273275763,-1.8946093489581788,-1.9660329826859366,-1.4910669785322275,-1.687328852593597,-1.3458175016617893,-1.5680171522963415,-1.7223947386638452,-1.6255794210321988,-1.5579975390697067,-1.8633510204342858,-1.686557321903542,-1.4758853605133437,-1.898076323014,-1.9063641962284779,-1.401658829651655,-2.027265550743409,-1.5136410221445586,-1.3293736235937998,-1.727110211401526,-1.7512300784434107,-1.9591320618441341,-1.7620078049785652,-1.5750930901024316,-1.9071259047057163,-1.8222582936861162,-1.6657478958013157,-1.526951925212039,-1.8822237304031617,-1.512077155641385,-1.6585363548988206,-1.4793562839833656,-1.7678430085586103,-1.7896850944080325,-1.2963819800084375,-1.6369349069043535,-1.410058521678281,-1.7769395033272846,-1.520069064850394,-1.6865318189347493,-1.6427366150598546,-1.712495928905863,-1.7271581399366172,-1.971635531133513,-1.5964899327627728,-1.8143057411856243,-1.779150602615175,-1.7085465896391383,-1.9324653447254743,-1.8159466631520578,-1.8425995681492038,-1.962022270566544
-2.147121498828727,-2.1127706343753254,-1.9030012228160267,-2.2472254906522484,-1.316238112346569,-1.692648678050661,-2.019496113624125,-2.1729876064050933,-1.9470045192087353,-1.7229461148030103,-1.8562131674200044,-1.458377083517925,-1.8128344357101578,-1.533753890321347,-2.385834930426155,-1.8987150059475624,-1.823265569769317,-2.243231334202265,-0.9292431165148124,-0.0,-1.3922951991485149,-1.8447610397969687,-1.7924050384294266,-1.993554777345073,-1.8989678441710947,-1.599174468822171,-1.8565834459169182,-2.0577000063189175,-1.8408197905449073,-1.626720680799096,-1.8592312231677086,-2.0067802039850506,-1.4500075589639172,-2.143899119233102,-1.9261751145422767,-1.9568598088631066,-1.8592887194348346,-1.9563588653890212,-2.04117503084207,-1.807707360194693,-1.6162693623599835,-1.5169624189956676,-1.7532057228359461,-1.9948146284968384,-1.6368188695548078,-1.9214939462583884,-2.1273923085299713,-1.7836582130525016,-1.6995903033183437,-1.7306090742326736,-1.8985244734779385,-1.5759327694573888,-2.0457464110633827,-1.4356160602469217,-1.6294655788930013,-1.796516150709016,-2.052728765859451,-2.0185740699115624,-1.8518201604443083,-1.8575813184661896,-1.945259869469438,-1.9226547716882865,-2.054461968061915,-1.5901872899331335,-1.7631120066512087,-1.831683306729447,-2.2506209984732615,-1.824398248162112,-2.071821258657754,-2.01047673426173,-1.58262092399854,-1.8141616717821252,-1.6996026961709132,-1.8308432210871874,-1.3981516452346274,-1.2666327235198644,-2.0818324337651406,-1.8382650792517181,-1.811756653353956,-2.236380134192311,-1.5988183098526987,-1.830990569650831,-1.7314236216196819,-1.8979000499413612,-2.2121417056400765,-1.8280226413130107,-1.8378768315076062,-2.116181902671597
-1.660760299719276,-1.571352870485523,-2.089371012348235,-1.9268499382083282,-1.48512846682457,-2.080605774950727,-1.9366098370044234,-2.1708961777759503,-1.7715697504581802,-1.883882271531649,-1.8935562741463658,-1.539089173948496,-1.6207816821990693,-1.5828932398638138,-2.414617809005485,-1.9113567854600952,-1.7082895539996972,-1.848866929846917,-1.5401615908935538,-1.3922951991485149,-0.0,-1.7777692922082626,-1.562168397269821,-2.1534171316834194,-1.5716861804399902,-1.7423688491643516,-1.8545515265757686,-1.9457424196421456,-1.753355850058569,-1.896068683359104,-2.059771473446959,-2.134277786603641,-1.7595387629046375,-2.0012365355472435,-1.6756972116569289,-2.0123004893863436,-1.5811585410059263,-1.8844044765460262,-1.8754845386373948,-1.9217395776099266,-1.552459909801945,-1.5293530830491489,-1.8299636487441548,-1.5999976801905453,-1.8273243489888422,-1.7770206071634325,-1.7505140122901808,-1.7576703157450795,-1.4654428739609988,-2.196443466202496,-1.6469365501041093,-1.5862580494695362,-1.934925034332124,-1.4668635355159338,-1.3713058237588054,-1.7232983161819455,-1.8181544648304535,-1.954474628981021,-1.9820457462026018,-1.6281927043253672,-1.8704516268282887,-1.8209263069606696,-2.0619210908940873,-1.6828541830394492,-1.5324812437268993,-1.7782823696757537,-2.1993710413096075,-1.9657865324933903,-1.8286618980788982,-1.9246958145239053,-1.5842445659709226,-1.7939799137389327,-1.7385861275544046,-1.908737213102605,-1.3862517739195874,-1.6994434919928196,-2.0266479718905592,-1.8482185060756102,-1.642879978818749,-1.8630279996156944,-1.403617290575575,-1.430845404963171,-1.7996495458892674,-1.9744540315754788,-1.6140797479725533,-1.7817373712638356,-2.1275275581154385,-1.8507330439328138
-1.9363973781500095,-2.0711916182450376,-1.7230109988347806,-1.776202650839253,-1.5596160172192541,-2.171910684316588,-1.719769662238339,-1.9830132893545096,-1.8770241918250565,-1.6762725446957958,-1.5046726844181346,-1.8653475102504506,-1.6362943718453045,-2.2035937423369507,-2.5554401805068956,-1.8055676603251878,-1.7367197917349755,-1.9417095415972734,-1.4891168506277013,-1.8447610397969687,-1.7777692922082626,-0.0,-1.8203201074509623,-2.1566487510639973,-1.9901745794183443,-2.0819461916701933,-1.7170682957689039,-2.112229245940009,-2.092202918433277,-2.0849268401283854,-1.4810779540041414,-2.006635850669505,-1.7095889538443194,-2.2405746338235577,-1.6078821184923393,-2.2374091377045002,-1.769730877831401,-2.010627521270242,-2.0872388650602285,-1.5307927018553396,-1.8678474690744908,-1.7031425010773,-1.7353375984540134,-1.8645803822566107,-1.896217529896447,-1.8085500827890484,-1.7746443986325247,-1.8168454966522796,-2.0269909598649662,-2.215733255913636,-1.9582285875164709,-1.8362219218262312,-2.0233823180713797,-1.7651441812098534,-1.506571078738242,-1.8225702567774233,-1.7741372142868386,-2.402132278057919,-2.057193675534037,-1.966237959998486,-1.9222384537027513,-2.2060465033820646,-1.880662570478342,-2.0792074905950924,-2.031421445279381,-1.8094695799983,-1.74933233243552,-1.6206455412532599,-1.6458953472558677,-1.4438677185778521,-2.0319977386881516,-2.1394989365327155,-1.9485162951063775,-1.8717203814932206,-1.8936249993733576,-2.097723139945999,-1.870313847058383,-1.786992054823795,-2.0019770645363426,-1.9420690789571489,-1.7144534260118256,-1.9354044417122878,-2.1312489656899283,-2.1731774492732767,-1.9874576679162872,-2.0580596977322507,-2.168485298715252,-1.5303726902177488
-1.5505666284675768,-1.3202672991599504,-1.851731694275147,-1.7133769026677272,-1.1975169322994643,-1.525681825208093,-1.7256529987210343,-1.8962828246549441,-1.5300879706720016,-1.7943985323235956,-1.4406463102901557,-1.2414693599197255,-1.8715206773729811,-1.944903577740112,-2.0134619869288937,-1.8187130954122894,-1.2932253194590448,-1.5897537806439748,-1.7372805609800925,-1.7924050384294266,-1.562168397269821,-1.8203201074509623,-0.0,-1.916028681382166,-1.9260883552287316,-1.3365538051855737,-1.5099004820272863,-2.131039149128013,-1.8058497567125356,-1.5754633116342356,-1.8172676687282545,-1.6368765984084481,-1.6709162748336241,-1.89334345351495,-1.4523082895466422,-1.692257640164513,-1.8402371498000178,-1.5505655523054427,-1.9591906146983236,-1.7629337142331036,-1.7133906379174662,-1.4863382498825821,-1.366352285013094,-1.6948455401781721,-1.7281250748660046,-1.9528350818774938,-1.7966592292395593,-1.9653760760555665,-1.7488251163958535,-1.4324434535450168,-2.0467575938187563,-1.4527906284162926,-1.9036390802165828,-1.766441955328716,-1.7249263072727183,-1.3316174028663217,-1.6322953191020506,-1.7540045832215851,-1.7888061144600635,-1.313558664901334,-1.2986815208860893,-1.8146531606299323,-1.7768179965993234,-1.4554705763843658,-1.3919778628435595,-1.4827026180458753,-2.034700336817006,-1.7971709745905933,-1.6892718178502157,-1.8338511791436927,-1.7663131942554515,-1.769171815547236,-1.8350186410445077,-1.8340836652505932,-1.4161961422287686,-2.0447071258564575,-1.8644987346097446,-1.1526241406191724,-1.7025711069987401,-1.38359984001862,-1.506651003403362,-1.4712490763557429,-1.791808302179156,-1.918764898609583,-1.974507038225123,-1.665321379779784,-1.9581431556353313,-1.8027328940812208
